56 0.774609 0.114583 0.0304688 0.0486111
56 0.855469 0.113889 0.0296875 0.0416667
56 0.702344 0.0729167 0.0265625 0.0375
56 0.621875 0.0756944 0.0265625 0.0347222
56 0.648438 0.0756944 0.028125 0.0375
56 0.555469 0.125694 0.0296875 0.0402778
36 0.780859 0.648611 0.0679687 0.0361111
32 0.686328 0.349306 0.0429688 0.0819444
36 0.832812 0.65 0.173438 0.0444444
0 0.824609 0.475694 0.0492188 0.326389
0 0.692578 0.521528 0.0367187 0.204167
0 0.344922 0.516667 0.0820312 0.211111
0 0.859375 0.479167 0.0484375 0.327778
0 0.779297 0.495139 0.0710938 0.340278
0 0.628125 0.482639 0.157813 0.581944
