56 0.124219 0.115278 0.0328125 0.0416667
56 0.541406 0.122917 0.0265625 0.0402778
56 0.488281 0.125694 0.0265625 0.0430556
56 0.526953 0.0770833 0.0273438 0.0347222
56 0.688672 0.0756944 0.0273438 0.0375
0 0.8125 0.478472 0.046875 0.320833
0 0.847656 0.484722 0.046875 0.330556
0 0.317578 0.511111 0.0382813 0.205556
0 0.767969 0.499306 0.0703125 0.343056
0 0.660156 0.521528 0.0328125 0.206944
32 0.688281 0.203472 0.0421875 0.0736111
0 0.285156 0.510417 0.0453125 0.218056
0 0.577344 0.492361 0.15 0.615278
