56 0.639063 0.129861 0.03125 0.0458333
56 0.557813 0.13125 0.028125 0.0402778
56 0.776563 0.129167 0.03125 0.0472222
56 0.585156 0.13125 0.0265625 0.0375
36 0.839063 0.658333 0.170312 0.0444444
32 0.396875 0.606944 0.0125 0.025
36 0.7875 0.655556 0.065625 0.0388889
0 0.665625 0.529167 0.0484375 0.197222
0 0.671875 0.478472 0.03125 0.0930556
0 0.586328 0.496528 0.135156 0.620833
0 0.338672 0.525 0.0414063 0.194444
0 0.828906 0.488889 0.0484375 0.327778
32 0.707812 0.468056 0.04375 0.0916667
0 0.864844 0.491667 0.046875 0.333333
0 0.784766 0.504167 0.0695312 0.338889
0 0.305859 0.518056 0.0460938 0.213889
