56 0.750391 0.0638889 0.0273438 0.0361111
56 0.561719 0.0701389 0.0265625 0.0375
32 0.534375 0.59375 0.0171875 0.0291667
56 0.63125 0.111806 0.03125 0.0430556
56 0.588281 0.0701389 0.0265625 0.0375
56 0.875781 0.105556 0.03125 0.0444444
56 0.496484 0.135417 0.0273438 0.0736111
56 0.614844 0.06875 0.0265625 0.0375
56 0.521875 0.133333 0.028125 0.0722222
56 0.642578 0.0680556 0.0273438 0.0361111
56 0.739844 0.109722 0.03125 0.0472222
56 0.576563 0.116667 0.028125 0.0388889
56 0.657812 0.111111 0.0328125 0.0444444
56 0.766406 0.108333 0.0296875 0.0444444
56 0.710156 0.113194 0.028125 0.0458333
56 0.602344 0.115972 0.0265625 0.0402778
56 0.795313 0.106944 0.028125 0.0472222
56 0.903906 0.102083 0.028125 0.0486111
56 0.685156 0.110417 0.0296875 0.0458333
56 0.722656 0.0645833 0.0265625 0.0347222
56 0.696094 0.0652778 0.0265625 0.0361111
56 0.669531 0.0659722 0.0265625 0.0375
56 0.821094 0.109028 0.03125 0.0486111
0 0.713281 0.523611 0.0671875 0.180556
0 0.84375 0.46875 0.0484375 0.329167
0 0.358203 0.508333 0.0523437 0.205556
0 0.797266 0.486806 0.0695312 0.343056
0 0.878906 0.471528 0.0484375 0.326389
0 0.660156 0.482639 0.142188 0.5625
