56 0.919531 0.544444 0.034375 0.0472222
56 0.947656 0.549306 0.028125 0.0430556
56 0.857813 0.553472 0.0328125 0.0402778
56 0.533984 0.163194 0.0289063 0.0430556
56 0.982031 0.538889 0.0328125 0.0527778
56 0.885938 0.561806 0.028125 0.0208333
56 0.507031 0.163194 0.0296875 0.0430556
56 0.465625 0.509722 0.025 0.0444444
56 0.867188 0.177778 0.0359375 0.0805556
56 0.425781 0.168056 0.028125 0.0416667
56 0.921875 0.176389 0.03125 0.0805556
56 0.452344 0.165278 0.0265625 0.0388889
56 0.644531 0.159028 0.0296875 0.0458333
56 0.671094 0.159722 0.0296875 0.0444444
56 0.897656 0.176389 0.025 0.0805556
56 0.559766 0.165972 0.0289063 0.0430556
56 0.614844 0.160417 0.0296875 0.0402778
56 0.977344 0.485417 0.0328125 0.0541667
56 0.724219 0.157639 0.0296875 0.0430556
0 0.521094 0.563194 0.0453125 0.204167
0 0.725781 0.522917 0.046875 0.326389
0 0.690625 0.520833 0.046875 0.330556
0 0.214844 0.561806 0.0453125 0.195833
0 0.176172 0.557639 0.0429688 0.218056
0 0.602344 0.532639 0.164062 0.540278
