56 0.729688 0.202083 0.028125 0.0430556
56 0.922656 0.594444 0.0328125 0.0416667
56 0.539453 0.204167 0.0289063 0.0416667
56 0.511719 0.204861 0.0296875 0.0402778
56 0.894531 0.59375 0.0328125 0.0430556
56 0.564844 0.205556 0.028125 0.0416667
56 0.863281 0.596528 0.03125 0.0402778
56 0.983594 0.585417 0.0328125 0.0541667
56 0.871094 0.222917 0.034375 0.0819444
56 0.953125 0.595139 0.03125 0.0402778
56 0.648438 0.201389 0.0296875 0.0444444
56 0.901563 0.222222 0.0265625 0.0805556
56 0.927344 0.220833 0.0328125 0.0833333
0 0.695312 0.565972 0.046875 0.331944
0 0.730469 0.566667 0.046875 0.327778
0 0.65 0.580556 0.06875 0.341667
0 0.185156 0.598611 0.0671875 0.219444
0 0.578125 0.571528 0.1375 0.5375
