56 0.765625 0.0631944 0.028125 0.0375
56 0.737891 0.0638889 0.0273438 0.0361111
56 0.753906 0.108333 0.0296875 0.0444444
56 0.549219 0.06875 0.0265625 0.0375
56 0.619531 0.109722 0.0328125 0.0416667
56 0.575781 0.0694444 0.0265625 0.0388889
36 0.839063 0.641667 0.170312 0.0444444
56 0.780469 0.10625 0.0296875 0.0458333
56 0.727344 0.109028 0.03125 0.0430556
56 0.645312 0.109722 0.03125 0.0444444
56 0.630469 0.0666667 0.0265625 0.0361111
56 0.591406 0.113889 0.0265625 0.0388889
56 0.602344 0.0673611 0.028125 0.0375
56 0.508594 0.132639 0.0296875 0.0763889
56 0.684375 0.0652778 0.0265625 0.0361111
56 0.564062 0.114583 0.028125 0.0402778
56 0.710938 0.0638889 0.028125 0.0361111
56 0.697656 0.111806 0.028125 0.0458333
56 0.671094 0.109722 0.0296875 0.0444444
56 0.808594 0.108333 0.03125 0.0472222
56 0.657422 0.0659722 0.0273438 0.0375
0 0.356641 0.50625 0.0992187 0.215278
0 0.830469 0.46875 0.0484375 0.329167
0 0.708594 0.5125 0.0484375 0.202778
0 0.866406 0.470833 0.0484375 0.330556
32 0.688281 0.277083 0.0421875 0.0819444
0 0.785547 0.486111 0.0710938 0.338889
0 0.646484 0.478472 0.178906 0.573611
