56 0.540625 0.152083 0.03125 0.0458333
56 0.620703 0.15 0.0320312 0.0444444
56 0.514063 0.152778 0.0296875 0.0472222
56 0.732031 0.146528 0.028125 0.0402778
56 0.434375 0.154861 0.028125 0.0402778
56 0.460156 0.154167 0.0265625 0.0388889
56 0.676562 0.15 0.03125 0.0472222
56 0.649609 0.148611 0.0304688 0.0472222
32 0.289844 0.633333 0.0171875 0.025
0 0.697656 0.503472 0.0484375 0.318056
0 0.733594 0.510417 0.0484375 0.329167
0 0.219531 0.55 0.0359375 0.211111
0 0.651563 0.526389 0.06875 0.330556
32 0.645312 0.5625 0.0375 0.0638889
0 0.192578 0.55 0.0429688 0.216667
0 0.58125 0.51875 0.15 0.556944
