56 0.423047 0.196528 0.0273438 0.0402778
56 0.611719 0.193056 0.0296875 0.0416667
56 0.449609 0.195833 0.0257812 0.0388889
56 0.478125 0.578472 0.028125 0.0347222
56 0.585938 0.193056 0.03125 0.0444444
56 0.667188 0.192361 0.03125 0.0458333
56 0.530469 0.19375 0.0296875 0.0430556
56 0.503125 0.194444 0.0296875 0.0444444
36 0.645703 0.720833 0.0664062 0.0361111
56 0.639844 0.191667 0.028125 0.0444444
0 0.6875 0.554167 0.046875 0.330556
0 0.644531 0.56875 0.0640625 0.3375
0 0.721875 0.554167 0.046875 0.330556
0 0.169141 0.5875 0.0414063 0.219444
0 0.201953 0.584722 0.0382813 0.213889
0 0.567969 0.560417 0.117188 0.5375
