56 0.859375 0.111806 0.0328125 0.0430556
56 0.560547 0.119444 0.0289063 0.0388889
56 0.626562 0.0715278 0.028125 0.0347222
56 0.642187 0.115278 0.0328125 0.0416667
56 0.75 0.1125 0.03125 0.0444444
0 0.330469 0.510417 0.046875 0.206944
56 0.761719 0.0666667 0.0296875 0.0388889
56 0.682031 0.0694444 0.0265625 0.0361111
56 0.587109 0.118056 0.0257812 0.0361111
56 0.778125 0.111111 0.03125 0.0472222
56 0.572656 0.0736111 0.0265625 0.0361111
56 0.667969 0.115278 0.0328125 0.0416667
56 0.599219 0.0722222 0.0265625 0.0361111
56 0.694531 0.117361 0.0296875 0.0430556
56 0.707812 0.0680556 0.0265625 0.0361111
36 0.785547 0.644444 0.0679687 0.0388889
32 0.408594 0.598611 0.0171875 0.025
0 0.701563 0.515972 0.0421875 0.206944
0 0.357812 0.510417 0.104687 0.215278
0 0.827344 0.471528 0.0484375 0.326389
0 0.863281 0.476389 0.0484375 0.330556
32 0.686719 0.295139 0.040625 0.0763889
0 0.782422 0.488889 0.0710938 0.338889
0 0.640625 0.48125 0.171875 0.576389
