56 0.94375 0.170139 0.034375 0.0763889
56 0.595703 0.154167 0.0320312 0.0444444
56 0.974219 0.170833 0.0265625 0.075
56 0.553516 0.488889 0.0289063 0.0444444
56 0.620313 0.154167 0.03125 0.0444444
56 0.675391 0.154167 0.0320312 0.0444444
56 0.753125 0.154167 0.03125 0.0444444
36 0.739844 0.665278 0.06875 0.0416667
56 0.700781 0.155556 0.0296875 0.0444444
0 0.608594 0.501389 0.0734375 0.269444
56 0.727734 0.151389 0.0289063 0.0472222
0 0.778906 0.499306 0.0453125 0.3125
0 0.813281 0.504167 0.0453125 0.322222
0 0.318359 0.536111 0.0414063 0.194444
0 0.289453 0.536111 0.0429688 0.211111
0 0.737109 0.516667 0.0695312 0.330556
32 0.619531 0.438889 0.0421875 0.0722222
0 0.505469 0.521528 0.178125 0.606944
