56 0.982031 0.578472 0.0328125 0.0458333
56 0.980469 0.519444 0.0328125 0.0555556
56 0.91875 0.530556 0.0265625 0.0277778
56 0.5375 0.192361 0.028125 0.0430556
56 0.673437 0.191667 0.0296875 0.0444444
56 0.483594 0.576389 0.0265625 0.0361111
56 0.646875 0.190972 0.028125 0.0430556
56 0.510156 0.191667 0.0296875 0.0416667
0 0.530469 0.6 0.0328125 0.188889
32 0.201562 0.672222 0.015625 0.0277778
0 0.69375 0.550694 0.046875 0.326389
0 0.728906 0.554861 0.0453125 0.329167
0 0.214062 0.585417 0.040625 0.201389
0 0.175391 0.583333 0.0460938 0.222222
0 0.583984 0.561111 0.146094 0.55
