56 0.615625 0.178472 0.0296875 0.0402778
56 0.769531 0.549306 0.0390625 0.0847222
56 0.644531 0.177083 0.0296875 0.0458333
56 0.560156 0.184028 0.028125 0.0430556
56 0.725 0.177778 0.028125 0.0416667
56 0.946875 0.572222 0.028125 0.0361111
56 0.453906 0.184028 0.0265625 0.0375
56 0.859375 0.570833 0.0328125 0.0388889
56 0.889063 0.570139 0.0296875 0.0375
56 0.91875 0.568056 0.0328125 0.0416667
56 0.976562 0.506944 0.0328125 0.0527778
56 0.48125 0.565972 0.028125 0.0375
0 0.529688 0.584722 0.03125 0.191667
0 0.726172 0.540972 0.0445312 0.329167
0 0.691406 0.540278 0.046875 0.336111
0 0.216406 0.579861 0.0453125 0.198611
0 0.173438 0.575694 0.0453125 0.223611
0 0.589063 0.551389 0.176563 0.552778
