56 0.671094 0.0756944 0.0265625 0.0375
36 0.828906 0.652083 0.170312 0.0458333
56 0.723437 0.0743056 0.028125 0.0347222
56 0.550391 0.125694 0.0289063 0.0430556
56 0.697266 0.0770833 0.0273438 0.0375
36 0.778906 0.650694 0.06875 0.0402778
32 0.69375 0.238889 0.04375 0.0611111
0 0.822266 0.484028 0.0507812 0.329167
0 0.776563 0.496528 0.071875 0.343056
0 0.326953 0.509722 0.0382813 0.208333
0 0.85625 0.485417 0.046875 0.329167
0 0.664453 0.519444 0.0351562 0.205556
0 0.611719 0.492361 0.185937 0.615278
0 0.294141 0.510417 0.0460938 0.218056
32 0.697656 0.290972 0.04375 0.0763889
