56 0.457812 0.208333 0.025 0.0388889
56 0.512109 0.206944 0.0289063 0.0416667
56 0.729688 0.203472 0.028125 0.0430556
56 0.485547 0.590278 0.0273438 0.0361111
56 0.983594 0.5875 0.03125 0.0527778
56 0.902344 0.222917 0.0265625 0.0791667
56 0.648828 0.203472 0.0289063 0.0430556
56 0.953906 0.595833 0.0328125 0.0416667
56 0.871875 0.223611 0.034375 0.0805556
56 0.928906 0.222222 0.03125 0.0833333
0 0.697656 0.566667 0.0484375 0.330556
0 0.73125 0.567361 0.046875 0.329167
0 0.651563 0.581944 0.06875 0.341667
0 0.185156 0.599306 0.065625 0.218056
0 0.579687 0.572917 0.142188 0.534722
