36 0.837891 0.653472 0.169531 0.0430556
56 0.667578 0.125694 0.0320312 0.0430556
56 0.640625 0.127083 0.03125 0.0430556
56 0.735156 0.0763889 0.0265625 0.0361111
56 0.708594 0.0784722 0.0265625 0.0375
56 0.560938 0.130556 0.028125 0.0388889
36 0.785547 0.652778 0.0679687 0.0388889
56 0.5875 0.129861 0.028125 0.0402778
32 0.698438 0.493056 0.040625 0.0805556
0 0.828125 0.48125 0.046875 0.326389
0 0.864062 0.486111 0.0484375 0.333333
0 0.347656 0.522917 0.06875 0.2125
0 0.783594 0.5 0.0703125 0.338889
0 0.635938 0.499306 0.15625 0.556944
