56 0.760547 0.0673611 0.0289063 0.0375
36 0.834375 0.646528 0.173438 0.0458333
56 0.678906 0.0694444 0.0265625 0.0361111
56 0.641406 0.117361 0.0328125 0.0458333
56 0.651953 0.0715278 0.0273438 0.0347222
56 0.776563 0.1125 0.03125 0.0472222
56 0.571094 0.0736111 0.0265625 0.0361111
56 0.557813 0.121528 0.0296875 0.0402778
56 0.614453 0.117361 0.0304688 0.0430556
56 0.70625 0.06875 0.028125 0.0347222
56 0.733594 0.0673611 0.0265625 0.0375
56 0.585156 0.119444 0.0265625 0.0388889
56 0.597656 0.0736111 0.0265625 0.0361111
56 0.624609 0.0729167 0.0273438 0.0347222
0 0.358594 0.511111 0.0828125 0.211111
36 0.783984 0.645833 0.0695312 0.0361111
32 0.686328 0.315278 0.0398437 0.0694444
0 0.696875 0.51875 0.040625 0.201389
0 0.330469 0.511111 0.05 0.211111
0 0.825781 0.472222 0.0484375 0.327778
0 0.861719 0.477083 0.0484375 0.329167
0 0.780859 0.490972 0.0710938 0.340278
0 0.639063 0.483333 0.171875 0.577778
