56 0.180078 0.501389 0.0242187 0.0305556
56 0.657812 0.113194 0.034375 0.0430556
56 0.51875 0.139583 0.034375 0.0791667
56 0.494531 0.140972 0.0296875 0.0791667
56 0.683594 0.113194 0.0296875 0.0430556
56 0.794141 0.109722 0.0289063 0.0472222
56 0.820312 0.110417 0.0296875 0.0458333
56 0.766016 0.110417 0.0304688 0.0430556
56 0.669141 0.06875 0.0273438 0.0375
56 0.738281 0.13125 0.034375 0.0847222
56 0.749219 0.0659722 0.0265625 0.0375
56 0.696094 0.0680556 0.0265625 0.0361111
56 0.721875 0.0666667 0.028125 0.0388889
56 0.708594 0.132639 0.0296875 0.0791667
0 0.842969 0.470833 0.0484375 0.330556
0 0.878906 0.474306 0.0484375 0.329167
0 0.353906 0.508333 0.0515625 0.211111
0 0.797656 0.490972 0.0703125 0.343056
0 0.65625 0.490278 0.134375 0.552778
