56 0.921875 0.592361 0.0328125 0.0430556
56 0.983594 0.584722 0.0328125 0.0527778
56 0.892969 0.595139 0.0328125 0.0402778
56 0.539062 0.202778 0.028125 0.0416667
56 0.620313 0.200694 0.028125 0.0402778
56 0.729688 0.201389 0.028125 0.0416667
56 0.564062 0.204861 0.028125 0.0430556
56 0.951563 0.594444 0.03125 0.0388889
56 0.510938 0.203472 0.03125 0.0402778
56 0.926562 0.220139 0.03125 0.0819444
56 0.900781 0.221528 0.0265625 0.0791667
56 0.648047 0.2 0.0289063 0.0444444
0 0.694922 0.564583 0.0460938 0.331944
0 0.729688 0.564583 0.046875 0.329167
0 0.649609 0.579167 0.0679687 0.341667
0 0.183594 0.597917 0.0640625 0.218056
0 0.577344 0.570833 0.132812 0.536111
