56 0.428906 0.156944 0.0296875 0.0416667
56 0.979688 0.472222 0.03125 0.0527778
36 0.651563 0.677778 0.065625 0.0416667
56 0.725781 0.147222 0.03125 0.0416667
56 0.617188 0.15 0.028125 0.0416667
56 0.508594 0.152083 0.03125 0.0458333
56 0.455078 0.155556 0.0273438 0.0388889
56 0.535937 0.151389 0.0296875 0.0472222
56 0.671484 0.149306 0.0304688 0.0458333
56 0.645312 0.148611 0.03125 0.0444444
0 0.512891 0.554167 0.0507812 0.2
32 0.63125 0.522917 0.040625 0.0652778
0 0.647656 0.528472 0.0734375 0.340278
0 0.694141 0.508333 0.0476562 0.325
0 0.214844 0.551389 0.040625 0.208333
0 0.728906 0.511111 0.0453125 0.327778
0 0.184766 0.552083 0.0460938 0.215278
0 0.583203 0.521528 0.147656 0.556944
