56 0.127344 0.110417 0.0296875 0.0375
56 0.495313 0.109722 0.0265625 0.0416667
56 0.0390625 0.106944 0.028125 0.0416667
56 0.7375 0.104167 0.03125 0.0472222
56 0.521094 0.111111 0.0265625 0.0444444
56 0.792578 0.102083 0.0304688 0.0458333
56 0.764063 0.102778 0.0296875 0.0416667
56 0.81875 0.116667 0.03125 0.0722222
56 0.707031 0.10625 0.0296875 0.0458333
56 0.628906 0.105556 0.0296875 0.0416667
56 0.600781 0.109028 0.0265625 0.0402778
56 0.574219 0.109722 0.0265625 0.0416667
56 0.682031 0.104861 0.0296875 0.0430556
56 0.654688 0.105556 0.03125 0.0444444
0 0.359766 0.500694 0.0476562 0.209722
0 0.841406 0.463194 0.0484375 0.329167
0 0.795703 0.480556 0.0695312 0.344444
0 0.876562 0.465278 0.0484375 0.330556
0 0.658594 0.473611 0.139062 0.558333
