56 0.257031 0.14375 0.0265625 0.0430556
56 0.220313 0.136111 0.028125 0.0472222
56 0.878906 0.204167 0.021875 0.0388889
32 0.533594 0.294444 0.0296875 0.0472222
56 0.313672 0.148611 0.0335938 0.0472222
56 0.850781 0.201389 0.025 0.0388889
56 0.403906 0.15625 0.0296875 0.0486111
56 0.464063 0.163194 0.028125 0.0430556
56 0.283594 0.144444 0.0296875 0.0472222
56 0.524219 0.16875 0.0296875 0.0430556
56 0.374219 0.154167 0.0328125 0.0472222
56 0.157813 0.128472 0.03125 0.0513889
56 0.124609 0.127778 0.0335938 0.05
56 0.432813 0.159722 0.028125 0.0472222
56 0.188672 0.129861 0.0335938 0.0486111
56 0.494141 0.167361 0.0304688 0.0430556
