56 0.863281 0.59375 0.03125 0.0402778
56 0.620313 0.199306 0.028125 0.0402778
56 0.46875 0.544444 0.0265625 0.0416667
56 0.871875 0.220833 0.034375 0.0805556
56 0.892969 0.591667 0.03125 0.0388889
56 0.983594 0.584028 0.0328125 0.0513889
56 0.539062 0.201389 0.0296875 0.0416667
56 0.511719 0.202083 0.0296875 0.0402778
56 0.921875 0.592361 0.0328125 0.0402778
56 0.952344 0.592361 0.03125 0.0375
56 0.926562 0.220139 0.03125 0.0819444
56 0.648438 0.198611 0.028125 0.0444444
56 0.901563 0.220139 0.0265625 0.0791667
0 0.202734 0.593056 0.0429688 0.208333
0 0.695312 0.5625 0.046875 0.330556
0 0.177344 0.596528 0.0515625 0.215278
0 0.729688 0.563889 0.046875 0.327778
0 0.650391 0.579167 0.0679687 0.341667
0 0.577344 0.569444 0.129688 0.533333
