56 0.436328 0.155556 0.0257812 0.0361111
56 0.694531 0.151389 0.0296875 0.0444444
56 0.5125 0.155556 0.028125 0.0388889
56 0.460938 0.154861 0.025 0.0375
56 0.614844 0.170139 0.0328125 0.0819444
32 0.610937 0.461111 0.04375 0.075
56 0.746875 0.150694 0.028125 0.0430556
36 0.735156 0.659028 0.06875 0.0375
56 0.722656 0.149306 0.0296875 0.0458333
56 0.588281 0.16875 0.0328125 0.0763889
0 0.311719 0.528472 0.0421875 0.206944
0 0.773828 0.491667 0.0460938 0.305556
0 0.284375 0.529861 0.0375 0.209722
0 0.598828 0.527778 0.0664062 0.211111
0 0.732813 0.515278 0.071875 0.330556
0 0.808984 0.499306 0.0460938 0.318056
0 0.502734 0.51875 0.189844 0.606944
