56 0.0796875 0.106944 0.03125 0.0388889
56 0.223438 0.489583 0.021875 0.0291667
56 0.110547 0.107639 0.0304688 0.0402778
56 0.611719 0.104167 0.0328125 0.0416667
56 0.140234 0.106944 0.0320312 0.0416667
56 0.555859 0.106944 0.0289063 0.0388889
56 0.636719 0.104167 0.03125 0.0416667
56 0.582422 0.106944 0.0257812 0.0388889
36 0.782422 0.629167 0.0726563 0.0416667
56 0.664062 0.103472 0.028125 0.0430556
0 0.821875 0.452083 0.046875 0.306944
0 0.858594 0.456944 0.0484375 0.319444
32 0.573438 0.590278 0.0171875 0.0277778
32 0.729688 0.347917 0.040625 0.0736111
0 0.344531 0.499306 0.0515625 0.218056
0 0.662891 0.476389 0.161719 0.558333
