56 0.675 0.191667 0.028125 0.0444444
56 0.982031 0.520833 0.0328125 0.0527778
56 0.729688 0.189583 0.0265625 0.0402778
56 0.539062 0.192361 0.0296875 0.0430556
56 0.510938 0.192361 0.0296875 0.0430556
56 0.648438 0.190972 0.028125 0.0430556
0 0.532812 0.598611 0.0328125 0.186111
0 0.651953 0.565278 0.0664062 0.347222
32 0.203125 0.665278 0.0171875 0.0305556
0 0.695312 0.552083 0.046875 0.329167
0 0.729688 0.554861 0.0453125 0.329167
0 0.215234 0.584722 0.0398437 0.202778
0 0.176563 0.581944 0.046875 0.225
0 0.583594 0.561111 0.140625 0.55
