56 0.623438 0.155556 0.028125 0.0444444
56 0.8375 0.15 0.028125 0.0472222
56 0.678906 0.154167 0.0328125 0.0444444
56 0.635938 0.111111 0.028125 0.0388889
56 0.661719 0.109722 0.0265625 0.0361111
56 0.703906 0.155556 0.0296875 0.0444444
56 0.598437 0.155556 0.03125 0.0444444
56 0.756641 0.154861 0.0289063 0.0430556
36 0.791797 0.670833 0.166406 0.0472222
56 0.731641 0.152778 0.0304688 0.0472222
0 0.603125 0.544444 0.05 0.194444
0 0.783203 0.504861 0.0476562 0.315278
0 0.817969 0.506944 0.0453125 0.322222
0 0.285547 0.538889 0.0445312 0.205556
0 0.741406 0.520833 0.0734375 0.330556
0 0.319922 0.544444 0.0398437 0.186111
32 0.627344 0.414583 0.0515625 0.0847222
0 0.510547 0.523611 0.175781 0.608333
