56 0.680078 0.147222 0.0320312 0.0444444
56 0.624219 0.15 0.0328125 0.0472222
56 0.598437 0.15 0.03125 0.0444444
56 0.491406 0.150694 0.0296875 0.0458333
56 0.463672 0.154167 0.0273438 0.0388889
56 0.436719 0.154861 0.0296875 0.0402778
56 0.542969 0.15 0.0296875 0.0444444
56 0.516406 0.151389 0.03125 0.0472222
56 0.653125 0.147222 0.03125 0.0472222
0 0.701563 0.508333 0.05 0.327778
32 0.655078 0.591667 0.0351562 0.0722222
0 0.735937 0.509722 0.05 0.327778
0 0.656641 0.526389 0.0726563 0.341667
0 0.221875 0.548611 0.0375 0.205556
0 0.195703 0.547222 0.0445312 0.216667
0 0.585547 0.520139 0.164844 0.559722
