56 0.787891 0.100694 0.0289063 0.0458333
56 0.514844 0.127778 0.0296875 0.0777778
56 0.235938 0.488889 0.021875 0.0333333
56 0.569531 0.106944 0.0296875 0.0388889
56 0.732813 0.1 0.03125 0.0444444
56 0.595703 0.105556 0.0257812 0.0388889
56 0.702344 0.104167 0.0296875 0.0444444
56 0.623828 0.103472 0.0304688 0.0402778
56 0.676562 0.104167 0.0296875 0.0416667
56 0.65 0.103472 0.03125 0.0430556
32 0.563672 0.590972 0.0179687 0.0263889
32 0.733594 0.394444 0.0359375 0.0361111
0 0.791406 0.477778 0.071875 0.338889
0 0.835156 0.461111 0.0484375 0.327778
0 0.871094 0.4625 0.0484375 0.333333
0 0.354688 0.500694 0.04375 0.2125
0 0.670313 0.473611 0.164062 0.566667
