56 0.705078 0.116667 0.0320312 0.0777778
56 0.569531 0.116667 0.0328125 0.0722222
56 0.651172 0.116667 0.0320312 0.0805556
56 0.515234 0.121528 0.0304688 0.0791667
56 0.490234 0.120833 0.0304688 0.0777778
32 0.396875 0.579861 0.01875 0.0263889
0 0.712891 0.498611 0.0460938 0.197222
0 0.839063 0.451389 0.0484375 0.319444
0 0.873438 0.459028 0.05 0.334722
0 0.794922 0.474306 0.0710938 0.345833
0 0.339063 0.493056 0.0625 0.208333
32 0.691406 0.239583 0.0421875 0.0763889
0 0.653125 0.465278 0.175 0.580556
