56 0.618359 0.190278 0.0289063 0.0416667
56 0.89375 0.578472 0.03125 0.0375
56 0.483203 0.575 0.0273438 0.0361111
36 0.651563 0.718056 0.065625 0.0416667
56 0.91875 0.527778 0.0265625 0.0277778
56 0.537109 0.191667 0.0289063 0.0416667
56 0.673437 0.190278 0.028125 0.0444444
56 0.509375 0.190972 0.0296875 0.0430556
56 0.646484 0.189583 0.0273438 0.0458333
32 0.201562 0.659028 0.01875 0.0291667
0 0.65 0.571528 0.0671875 0.3375
0 0.69375 0.547222 0.046875 0.322222
0 0.728906 0.553472 0.046875 0.331944
0 0.210938 0.584722 0.04375 0.208333
0 0.176172 0.583333 0.0460938 0.222222
0 0.579687 0.560417 0.129688 0.543056
