56 0.489844 0.59375 0.0265625 0.0375
56 0.542969 0.209722 0.0296875 0.0416667
56 0.95625 0.602083 0.03125 0.0375
56 0.500781 0.167361 0.0265625 0.0402778
56 0.460938 0.2125 0.025 0.0388889
56 0.581641 0.163889 0.0257812 0.0388889
56 0.514844 0.211111 0.0296875 0.0416667
56 0.867969 0.602778 0.03125 0.0388889
56 0.926562 0.602778 0.0328125 0.0361111
0 0.7 0.569444 0.046875 0.327778
0 0.654688 0.584722 0.06875 0.347222
0 0.734375 0.572917 0.046875 0.331944
0 0.189453 0.601389 0.0617188 0.219444
0 0.587891 0.579861 0.160156 0.534722
