56 0.541406 0.206944 0.0296875 0.0416667
56 0.460156 0.209722 0.0265625 0.0388889
56 0.514844 0.209028 0.0296875 0.0402778
56 0.580469 0.161806 0.0265625 0.0375
56 0.650781 0.20625 0.0296875 0.0430556
56 0.954687 0.599306 0.03125 0.0375
56 0.866406 0.602083 0.0328125 0.0402778
56 0.623438 0.205556 0.028125 0.0361111
0 0.699219 0.56875 0.0484375 0.329167
0 0.733203 0.570139 0.0460938 0.329167
0 0.654688 0.583333 0.06875 0.341667
0 0.189063 0.6 0.065625 0.216667
0 0.584375 0.575694 0.153125 0.5375
