56 0.703125 0.0708333 0.028125 0.0361111
56 0.688281 0.136806 0.034375 0.0763889
56 0.501953 0.141667 0.0304688 0.0777778
56 0.758203 0.0673611 0.0273438 0.0375
56 0.595703 0.0743056 0.0257812 0.0375
56 0.55625 0.122917 0.028125 0.0402778
56 0.774609 0.113889 0.0320312 0.05
56 0.582812 0.121528 0.0265625 0.0402778
56 0.622656 0.0743056 0.028125 0.0375
36 0.782812 0.647222 0.06875 0.0388889
56 0.475781 0.144444 0.0296875 0.0777778
36 0.833594 0.647917 0.173438 0.0458333
32 0.685938 0.325694 0.040625 0.0875
0 0.824219 0.473611 0.0484375 0.325
0 0.330469 0.5125 0.0546875 0.213889
0 0.692969 0.520139 0.0390625 0.201389
0 0.860156 0.477778 0.0484375 0.327778
0 0.779688 0.493056 0.071875 0.338889
0 0.634375 0.48125 0.16875 0.581944
