56 0.947656 0.578472 0.0296875 0.0347222
56 0.589063 0.186806 0.0296875 0.0430556
56 0.533594 0.188194 0.0296875 0.0430556
56 0.977344 0.579167 0.034375 0.0333333
56 0.507031 0.188889 0.0296875 0.0444444
56 0.725 0.183333 0.028125 0.0388889
56 0.560156 0.190278 0.028125 0.0444444
56 0.670313 0.185417 0.028125 0.0430556
56 0.915625 0.525 0.025 0.0277778
56 0.48125 0.570833 0.028125 0.0361111
56 0.977344 0.513194 0.0328125 0.0541667
0 0.530469 0.590278 0.0296875 0.191667
0 0.725781 0.547917 0.0453125 0.329167
0 0.690625 0.545833 0.046875 0.330556
0 0.213672 0.583333 0.0414063 0.2
0 0.173047 0.579861 0.0460938 0.223611
0 0.584375 0.555556 0.15625 0.55
