56 0.584375 0.152083 0.0296875 0.0430556
56 0.6125 0.150694 0.0296875 0.0430556
56 0.396875 0.155556 0.025 0.0388889
56 0.638281 0.148611 0.0296875 0.0416667
56 0.451562 0.154167 0.028125 0.0388889
56 0.695312 0.147917 0.03125 0.0458333
56 0.477344 0.152778 0.0265625 0.0388889
56 0.666406 0.146528 0.0328125 0.0458333
56 0.530859 0.15 0.0304688 0.0444444
56 0.557813 0.15 0.0296875 0.0444444
0 0.714063 0.505556 0.046875 0.322222
0 0.669531 0.527778 0.0671875 0.344444
0 0.221484 0.544444 0.0679687 0.216667
0 0.75 0.510417 0.046875 0.329167
32 0.670313 0.611111 0.034375 0.0611111
0 0.598047 0.524306 0.183594 0.548611
