36 0.818359 0.670139 0.167969 0.0486111
56 0.567187 0.15 0.0265625 0.0388889
56 0.755469 0.145833 0.0328125 0.0472222
56 0.540625 0.151389 0.028125 0.0388889
56 0.620313 0.149306 0.034375 0.0430556
56 0.645312 0.149306 0.0328125 0.0458333
0 0.809375 0.498611 0.0484375 0.313889
0 0.642578 0.539583 0.0398437 0.198611
0 0.846094 0.504861 0.053125 0.334722
0 0.767187 0.518056 0.075 0.341667
0 0.335938 0.540278 0.053125 0.191667
0 0.303125 0.536111 0.04375 0.205556
32 0.664844 0.395139 0.0453125 0.0763889
0 0.546875 0.51875 0.165625 0.6125
