56 0.440234 0.153472 0.0289063 0.0402778
56 0.627344 0.148611 0.034375 0.0444444
56 0.494531 0.15 0.0296875 0.0444444
56 0.465625 0.153472 0.0296875 0.0402778
56 0.657031 0.146528 0.03125 0.0458333
56 0.545313 0.150694 0.03125 0.0458333
56 0.683594 0.147222 0.0296875 0.0444444
56 0.519922 0.15 0.0304688 0.0472222
0 0.224219 0.547917 0.0390625 0.201389
32 0.658594 0.611111 0.0359375 0.0722222
0 0.705469 0.509028 0.053125 0.331944
0 0.739844 0.509722 0.0484375 0.330556
0 0.201953 0.545139 0.0492188 0.215278
0 0.657031 0.50625 0.065625 0.301389
0 0.588281 0.520139 0.214062 0.556944
