56 0.914062 0.525694 0.0234375 0.0263889
56 0.642187 0.188889 0.0296875 0.0444444
56 0.559375 0.192361 0.028125 0.0430556
56 0.975781 0.515278 0.0328125 0.0527778
56 0.588281 0.190278 0.0296875 0.0444444
56 0.532812 0.190972 0.028125 0.0430556
56 0.480469 0.575 0.028125 0.0361111
56 0.505469 0.190972 0.03125 0.0430556
0 0.645703 0.566667 0.0679687 0.338889
0 0.690234 0.548611 0.0476562 0.325
0 0.725 0.550694 0.046875 0.329167
0 0.20625 0.584722 0.040625 0.208333
0 0.173047 0.584028 0.0445312 0.220833
0 0.573438 0.559722 0.125 0.541667
