56 0.573828 0.0840278 0.0257812 0.0375
56 0.735156 0.0763889 0.0265625 0.0361111
56 0.667578 0.127083 0.0320312 0.0430556
56 0.707812 0.0791667 0.0265625 0.0361111
56 0.641016 0.127778 0.0304688 0.0444444
36 0.785937 0.653472 0.06875 0.0375
36 0.8375 0.654861 0.16875 0.0430556
56 0.560547 0.13125 0.0273438 0.0402778
56 0.586719 0.130556 0.0265625 0.0388889
32 0.471875 0.609028 0.015625 0.0236111
0 0.696094 0.516667 0.0421875 0.225
0 0.828125 0.483333 0.0484375 0.327778
0 0.864062 0.486806 0.0484375 0.331944
0 0.783203 0.5 0.0695312 0.338889
0 0.349609 0.522222 0.0757812 0.213889
0 0.633594 0.496528 0.154687 0.5625
