56 0.259766 0.203472 0.0257812 0.0347222
56 0.310547 0.203472 0.0242187 0.0347222
56 0.359766 0.203472 0.0242187 0.0347222
56 0.485547 0.201389 0.0257812 0.0361111
56 0.435937 0.202778 0.025 0.0333333
56 0.385547 0.204167 0.0242187 0.0333333
56 0.335156 0.204167 0.025 0.0333333
56 0.460938 0.201389 0.025 0.0361111
56 0.411719 0.201389 0.0265625 0.0388889
32 0.132422 0.642361 0.0226563 0.0625
36 0.100391 0.594444 0.192969 0.0861111
0 0.970312 0.504167 0.059375 0.286111
0 0.898438 0.529167 0.0390625 0.169444
32 0.662109 0.184028 0.0367187 0.0708333
0 0.56875 0.529861 0.21875 0.568056
