56 0.672656 0.175694 0.0296875 0.0486111
56 0.547656 0.130556 0.0265625 0.0388889
56 0.978906 0.503472 0.0328125 0.0541667
56 0.646094 0.174306 0.0296875 0.0458333
56 0.482812 0.561806 0.028125 0.0347222
56 0.561719 0.179861 0.028125 0.0458333
56 0.917188 0.514583 0.0265625 0.0263889
56 0.535937 0.176389 0.03125 0.0444444
56 0.860937 0.568056 0.03125 0.0361111
56 0.428125 0.18125 0.028125 0.0402778
56 0.891406 0.563194 0.028125 0.0347222
56 0.455469 0.179861 0.0265625 0.0402778
32 0.195312 0.642361 0.0171875 0.0319444
0 0.530078 0.581944 0.0320312 0.191667
0 0.692969 0.534722 0.0453125 0.330556
0 0.726953 0.538194 0.0445312 0.329167
0 0.217969 0.575694 0.046875 0.195833
0 0.174219 0.571528 0.0453125 0.223611
0 0.592188 0.544444 0.178125 0.55
