56 0.522656 0.0763889 0.0265625 0.0361111
56 0.483594 0.122917 0.0265625 0.0402778
36 0.816406 0.65 0.170312 0.0444444
56 0.683594 0.0743056 0.0265625 0.0375
56 0.710938 0.0736111 0.028125 0.0361111
0 0.317187 0.505556 0.040625 0.2
32 0.687891 0.176389 0.0445312 0.0888889
0 0.807813 0.48125 0.046875 0.331944
0 0.764063 0.495139 0.071875 0.340278
0 0.658594 0.521528 0.0328125 0.201389
0 0.84375 0.481944 0.046875 0.330556
0 0.282813 0.507639 0.046875 0.218056
0 0.575781 0.489583 0.151562 0.615278
