56 0.751562 0.154861 0.028125 0.0486111
56 0.50625 0.161806 0.03125 0.0430556
56 0.885938 0.559028 0.028125 0.0236111
56 0.452344 0.164583 0.0265625 0.0402778
56 0.671094 0.157639 0.0296875 0.0458333
56 0.465625 0.506944 0.025 0.0472222
56 0.644141 0.156944 0.0320312 0.0472222
56 0.917969 0.545139 0.0359375 0.0458333
56 0.614844 0.159028 0.0296875 0.0402778
56 0.558594 0.163889 0.0296875 0.0416667
56 0.921094 0.175694 0.03125 0.0819444
56 0.976562 0.484722 0.0328125 0.0527778
56 0.896875 0.175694 0.025 0.0791667
56 0.723437 0.156944 0.03125 0.0444444
56 0.866406 0.177778 0.0359375 0.0805556
32 0.614844 0.509722 0.021875 0.0555556
0 0.690625 0.519444 0.046875 0.333333
0 0.725391 0.521528 0.0476562 0.329167
0 0.519922 0.561111 0.0445312 0.2
0 0.214844 0.561806 0.0453125 0.195833
0 0.176953 0.55625 0.0429688 0.218056
0 0.603906 0.530556 0.160938 0.538889
