32 0.732813 0.0659722 0.040625 0.0458333
56 0.548437 0.0819444 0.0265625 0.0361111
56 0.601562 0.08125 0.028125 0.0402778
36 0.832031 0.605556 0.0703125 0.0388889
56 0.523438 0.08125 0.0265625 0.0375
32 0.361328 0.558333 0.0148437 0.025
36 0.882812 0.60625 0.171875 0.0458333
0 0.874219 0.432639 0.046875 0.323611
0 0.382031 0.479861 0.0421875 0.179167
0 0.731641 0.479167 0.0335938 0.202778
0 0.910937 0.439583 0.0484375 0.331944
0 0.830469 0.454167 0.0703125 0.344444
0 0.348047 0.470833 0.0476562 0.213889
0 0.655078 0.448611 0.205469 0.6
