56 0.450781 0.193056 0.0265625 0.0388889
56 0.6125 0.190972 0.028125 0.0430556
56 0.667578 0.190278 0.0304688 0.0472222
56 0.478516 0.575694 0.0273438 0.0347222
56 0.531641 0.191667 0.0289063 0.0416667
56 0.586719 0.190278 0.0296875 0.0444444
56 0.503906 0.191667 0.0296875 0.0444444
56 0.640625 0.190972 0.028125 0.0458333
0 0.688281 0.55 0.046875 0.327778
0 0.646094 0.568056 0.0671875 0.341667
0 0.722656 0.551389 0.0484375 0.330556
0 0.203906 0.584722 0.0390625 0.208333
0 0.171094 0.584722 0.04375 0.225
0 0.570703 0.559722 0.122656 0.538889
