56 0.352344 0.0861111 0.03125 0.05
56 0.728125 0.123611 0.025 0.0444444
56 0.561328 0.10625 0.0304688 0.0430556
56 0.257422 0.0756944 0.0289063 0.0513889
56 0.412891 0.0930556 0.0304688 0.0472222
56 0.129297 0.620139 0.0242187 0.0513889
56 0.0632813 0.625 0.0328125 0.05
56 0.808984 0.127778 0.0273438 0.0444444
56 0.530859 0.104167 0.0289063 0.0416667
56 0.321484 0.0819444 0.0304688 0.0472222
56 0.442578 0.0951389 0.0320312 0.0458333
56 0.2625 0.618056 0.0234375 0.05
56 0.646875 0.132639 0.028125 0.0763889
56 0.674609 0.119444 0.0273438 0.0444444
56 0.298828 0.622222 0.0351562 0.0444444
56 0.200391 0.622222 0.0320312 0.0388889
56 0.233594 0.622222 0.0359375 0.0388889
56 0.167578 0.622222 0.0289063 0.0444444
