56 0.553125 0.151389 0.03125 0.0444444
56 0.689453 0.148611 0.0320312 0.0472222
56 0.633594 0.148611 0.0328125 0.0444444
56 0.446094 0.153472 0.028125 0.0402778
56 0.526172 0.151389 0.0289063 0.0472222
56 0.500781 0.151389 0.0296875 0.0416667
56 0.6625 0.147222 0.03125 0.0472222
56 0.472266 0.153472 0.0273438 0.0402778
32 0.671875 0.654167 0.0375 0.0555556
0 0.6625 0.501389 0.065625 0.288889
0 0.710156 0.507639 0.046875 0.326389
0 0.216406 0.544444 0.0671875 0.216667
0 0.745703 0.509028 0.0476562 0.331944
0 0.592969 0.522222 0.2125 0.55
