56 0.791797 0.101389 0.0304688 0.0472222
56 0.125781 0.108333 0.03125 0.0388889
56 0.494531 0.109028 0.0265625 0.0402778
56 0.736719 0.101389 0.03125 0.0472222
56 0.70625 0.104167 0.03125 0.0444444
32 0.772656 0.630556 0.0171875 0.0305556
56 0.573438 0.108333 0.028125 0.0416667
56 0.599219 0.106944 0.0265625 0.0388889
56 0.680469 0.103472 0.03125 0.0430556
56 0.627344 0.104167 0.0296875 0.0416667
56 0.653125 0.103472 0.03125 0.0430556
0 0.794141 0.477778 0.0695312 0.341667
0 0.840625 0.460417 0.0484375 0.326389
0 0.875 0.463889 0.0484375 0.330556
0 0.357812 0.499306 0.040625 0.209722
0 0.664062 0.472222 0.15 0.561111
