56 0.751562 0.130556 0.03125 0.0444444
32 0.710156 0.495139 0.0453125 0.106944
56 0.574219 0.0854167 0.0265625 0.0347222
56 0.641016 0.130556 0.0335938 0.0444444
56 0.560938 0.131944 0.028125 0.0388889
32 0.7125 0.486806 0.0375 0.0541667
56 0.5875 0.132639 0.028125 0.0375
36 0.840625 0.659722 0.171875 0.0472222
0 0.710938 0.524306 0.046875 0.190278
0 0.666406 0.532639 0.04375 0.198611
0 0.343359 0.527778 0.0429688 0.194444
0 0.788672 0.508333 0.0710938 0.341667
0 0.83125 0.490972 0.046875 0.326389
0 0.867969 0.492361 0.0453125 0.329167
0 0.6125 0.497917 0.184375 0.615278
0 0.310156 0.51875 0.0453125 0.215278
