56 0.671094 0.179861 0.0296875 0.0430556
56 0.858594 0.572222 0.0328125 0.0388889
56 0.614844 0.179861 0.0296875 0.0375
56 0.947656 0.571528 0.028125 0.0402778
56 0.644141 0.179167 0.0289063 0.0444444
56 0.725 0.179861 0.028125 0.0402778
56 0.558594 0.186111 0.0296875 0.0444444
56 0.914844 0.519444 0.025 0.0277778
56 0.888281 0.573611 0.0296875 0.0361111
56 0.91875 0.56875 0.0328125 0.0458333
56 0.976562 0.509028 0.0328125 0.0513889
56 0.48125 0.568056 0.028125 0.0361111
0 0.725781 0.543056 0.0453125 0.330556
0 0.529297 0.586111 0.0304688 0.194444
0 0.690625 0.54375 0.046875 0.334722
0 0.215234 0.580556 0.0445312 0.2
0 0.172656 0.577778 0.0453125 0.222222
0 0.587109 0.550694 0.175781 0.554167
