56 0.611719 0.192361 0.028125 0.0430556
56 0.423047 0.195833 0.0273438 0.0416667
56 0.478125 0.577083 0.028125 0.0347222
56 0.449609 0.194444 0.0257812 0.0388889
36 0.645312 0.71875 0.065625 0.0375
56 0.530469 0.193056 0.0296875 0.0416667
56 0.667188 0.190972 0.03125 0.0458333
56 0.585938 0.191667 0.03125 0.0444444
56 0.502344 0.192361 0.0296875 0.0430556
56 0.639844 0.191667 0.0265625 0.0444444
0 0.6875 0.552083 0.046875 0.329167
0 0.64375 0.567361 0.065625 0.3375
0 0.721875 0.552778 0.046875 0.333333
0 0.202344 0.584722 0.0390625 0.208333
0 0.169531 0.586806 0.04375 0.218056
0 0.569141 0.559722 0.117969 0.538889
