56 0.499219 0.127083 0.0265625 0.0430556
56 0.698438 0.0784722 0.028125 0.0375
56 0.551562 0.126389 0.028125 0.0388889
36 0.780859 0.650694 0.0679687 0.0402778
36 0.83125 0.651389 0.171875 0.0472222
0 0.823438 0.481944 0.0484375 0.325
0 0.664062 0.520833 0.040625 0.208333
0 0.778516 0.497917 0.0710938 0.340278
0 0.328906 0.511111 0.0390625 0.205556
0 0.859375 0.484722 0.0484375 0.330556
32 0.701563 0.338889 0.0453125 0.0722222
32 0.697266 0.282639 0.0445312 0.0652778
0 0.296875 0.511111 0.0453125 0.216667
0 0.586719 0.492361 0.132812 0.618056
