56 0.982813 0.473611 0.0328125 0.0527778
56 0.43125 0.156944 0.028125 0.0388889
36 0.653906 0.677083 0.0671875 0.0430556
56 0.619531 0.15 0.0296875 0.0416667
56 0.485547 0.152778 0.0304688 0.0444444
32 0.272656 0.6375 0.0171875 0.0277778
56 0.523438 0.107639 0.028125 0.0375
56 0.728125 0.147917 0.03125 0.0430556
56 0.538672 0.152778 0.0289063 0.0444444
56 0.511719 0.153472 0.0296875 0.0458333
56 0.457812 0.15625 0.025 0.0402778
56 0.674609 0.150694 0.0304688 0.0458333
0 0.513281 0.555556 0.0484375 0.194444
56 0.647656 0.149306 0.0296875 0.0458333
0 0.65 0.527083 0.0734375 0.326389
0 0.696484 0.508333 0.0476562 0.325
0 0.73125 0.511111 0.046875 0.327778
0 0.217187 0.551389 0.0390625 0.208333
32 0.636719 0.540278 0.040625 0.0638889
0 0.189844 0.551389 0.0453125 0.219444
0 0.58125 0.520139 0.14375 0.554167
