56 0.917969 0.542361 0.034375 0.0402778
56 0.751562 0.151389 0.028125 0.05
56 0.885156 0.555556 0.025 0.0222222
56 0.425781 0.161806 0.0265625 0.0402778
56 0.533203 0.15625 0.0289063 0.0430556
56 0.505859 0.156944 0.0304688 0.0444444
56 0.452344 0.161111 0.0265625 0.0388889
56 0.598437 0.109722 0.028125 0.0388889
56 0.626562 0.109722 0.028125 0.0416667
56 0.975781 0.480556 0.0328125 0.0555556
56 0.669531 0.154861 0.0296875 0.0458333
56 0.921875 0.172917 0.03125 0.0819444
56 0.559375 0.159028 0.028125 0.0430556
56 0.588281 0.155556 0.0328125 0.0444444
56 0.722266 0.154861 0.0320312 0.0458333
56 0.642969 0.152778 0.0296875 0.0472222
56 0.896875 0.172917 0.025 0.0791667
32 0.615625 0.500694 0.025 0.0486111
56 0.614453 0.154861 0.0289063 0.0430556
56 0.865625 0.174306 0.0359375 0.0791667
0 0.646094 0.530556 0.0671875 0.338889
0 0.689844 0.516667 0.0453125 0.330556
0 0.725 0.51875 0.046875 0.329167
0 0.517578 0.559028 0.0476562 0.201389
0 0.213672 0.555556 0.0445312 0.197222
0 0.176953 0.552778 0.0429688 0.216667
0 0.6 0.527083 0.170312 0.548611
