56 0.158984 0.0895833 0.0304688 0.0486111
56 0.832812 0.159722 0.0265625 0.0388889
56 0.964844 0.172917 0.025 0.0347222
56 0.939062 0.170833 0.025 0.0361111
56 0.497656 0.127083 0.0296875 0.0402778
56 0.778906 0.154861 0.0265625 0.0430556
56 0.805469 0.157639 0.028125 0.0402778
56 0.860156 0.1625 0.028125 0.0388889
56 0.750391 0.153472 0.0304688 0.0430556
56 0.914062 0.166667 0.0265625 0.0388889
56 0.885938 0.165278 0.0265625 0.0388889
56 0.557031 0.133333 0.03125 0.0444444
56 0.528906 0.13125 0.0296875 0.0402778
