56 0.729688 0.2 0.028125 0.0444444
56 0.577344 0.155556 0.0265625 0.0388889
56 0.457812 0.204861 0.025 0.0375
56 0.469141 0.543056 0.0257812 0.0388889
56 0.523828 0.157639 0.0273438 0.0402778
56 0.620313 0.199306 0.028125 0.0402778
56 0.953125 0.592361 0.03125 0.0375
56 0.922656 0.588194 0.034375 0.0458333
56 0.928125 0.219444 0.03125 0.0833333
56 0.512109 0.201389 0.0304688 0.0416667
56 0.983594 0.582639 0.03125 0.0541667
56 0.539844 0.201389 0.0296875 0.0416667
56 0.871875 0.220833 0.034375 0.0805556
56 0.901563 0.220139 0.0265625 0.0791667
56 0.648438 0.197917 0.028125 0.0458333
0 0.695312 0.561111 0.046875 0.327778
0 0.730469 0.563889 0.046875 0.327778
0 0.205469 0.591667 0.0421875 0.205556
0 0.650781 0.578472 0.0671875 0.340278
0 0.174609 0.594444 0.0429688 0.216667
0 0.575391 0.570139 0.125781 0.534722
