56 0.700781 0.0777778 0.0265625 0.0361111
56 0.553125 0.127083 0.028125 0.0375
56 0.633594 0.124306 0.0328125 0.0430556
56 0.661719 0.125 0.0296875 0.0444444
36 0.783203 0.652083 0.0695312 0.0402778
36 0.834375 0.652778 0.171875 0.0444444
32 0.705078 0.397222 0.0429688 0.0833333
0 0.825781 0.479861 0.0484375 0.320833
32 0.701563 0.333333 0.04375 0.0638889
0 0.780469 0.501389 0.071875 0.344444
0 0.330859 0.513194 0.0414063 0.204167
0 0.860937 0.484722 0.0484375 0.327778
0 0.663281 0.522222 0.0453125 0.205556
0 0.299219 0.513194 0.0453125 0.218056
0 0.585938 0.493056 0.13125 0.616667
