56 0.619922 0.190278 0.0289063 0.0416667
36 0.652734 0.71875 0.0664062 0.0430556
56 0.674609 0.190972 0.0289063 0.0458333
56 0.538281 0.192361 0.0296875 0.0430556
56 0.510156 0.192361 0.0296875 0.0430556
56 0.648438 0.190278 0.028125 0.0444444
0 0.535156 0.598611 0.0296875 0.186111
0 0.652344 0.56875 0.0671875 0.343056
0 0.695312 0.550694 0.046875 0.326389
0 0.730469 0.554167 0.046875 0.330556
0 0.212891 0.585417 0.0445312 0.204167
0 0.176953 0.584028 0.0460938 0.226389
0 0.581641 0.561111 0.132031 0.544444
