56 0.155469 0.106944 0.0328125 0.0416667
32 0.771094 0.629861 0.01875 0.0319444
56 0.735547 0.102778 0.0320312 0.05
56 0.790625 0.106944 0.0296875 0.0583333
56 0.49375 0.126389 0.028125 0.0777778
56 0.518359 0.127778 0.0273438 0.0777778
56 0.705469 0.104167 0.0296875 0.0444444
56 0.571875 0.107639 0.0296875 0.0402778
56 0.678906 0.103472 0.03125 0.0430556
56 0.598828 0.105556 0.0257812 0.0388889
56 0.626172 0.104167 0.0289063 0.0416667
56 0.652344 0.103472 0.0296875 0.0430556
0 0.793359 0.476389 0.0710938 0.333333
0 0.838281 0.459722 0.05 0.325
0 0.873438 0.463889 0.0484375 0.333333
0 0.357031 0.498611 0.0421875 0.213889
0 0.667969 0.474306 0.160938 0.568056
