36 0.786328 0.630556 0.0695312 0.0388889
56 0.508203 0.109028 0.0257812 0.0430556
56 0.588281 0.10625 0.0265625 0.0375
56 0.725 0.100694 0.03125 0.0458333
56 0.5625 0.106944 0.028125 0.0388889
56 0.695312 0.104861 0.0296875 0.0430556
56 0.807031 0.0993056 0.0296875 0.0430556
56 0.616797 0.102778 0.0304688 0.0416667
56 0.752734 0.0972222 0.0289063 0.0388889
56 0.779688 0.1 0.03125 0.0444444
56 0.642187 0.102778 0.03125 0.0416667
56 0.66875 0.102778 0.03125 0.0416667
32 0.570703 0.589583 0.0179687 0.0263889
0 0.783594 0.477083 0.0703125 0.334722
0 0.827344 0.461111 0.046875 0.327778
0 0.349219 0.5 0.0484375 0.216667
0 0.864062 0.465278 0.0484375 0.330556
32 0.732422 0.359722 0.0398437 0.0638889
0 0.666016 0.475 0.164844 0.561111
