56 0.757422 0.0965278 0.0289063 0.0402778
56 0.233594 0.486806 0.0203125 0.0291667
56 0.673828 0.102083 0.0320312 0.0458333
56 0.592969 0.104167 0.0265625 0.0388889
56 0.785156 0.0979167 0.0296875 0.0486111
56 0.729688 0.1 0.03125 0.0444444
56 0.7 0.103472 0.0296875 0.0458333
56 0.621094 0.100694 0.0296875 0.0402778
56 0.566797 0.104861 0.0289063 0.0375
56 0.647266 0.102083 0.0304688 0.0430556
32 0.568359 0.589583 0.0164062 0.0263889
0 0.834375 0.463889 0.05 0.333333
0 0.788672 0.475 0.0710938 0.336111
0 0.86875 0.461806 0.0453125 0.331944
32 0.732813 0.382639 0.040625 0.0736111
0 0.352734 0.497917 0.0445312 0.215278
0 0.665234 0.472222 0.158594 0.563889
