56 0.534375 0.0861111 0.0265625 0.0388889
56 0.613281 0.0854167 0.0296875 0.0402778
56 0.76875 0.100694 0.046875 0.0875
36 0.892969 0.611111 0.171875 0.0444444
36 0.842188 0.610417 0.0671875 0.0402778
56 0.698438 0.0993056 0.0484375 0.0847222
0 0.392188 0.478472 0.0390625 0.179167
32 0.383594 0.561806 0.0171875 0.0263889
0 0.839844 0.45625 0.0703125 0.3375
0 0.755469 0.486111 0.0609375 0.202778
0 0.885156 0.440278 0.046875 0.330556
0 0.921094 0.443056 0.046875 0.330556
0 0.358203 0.472917 0.0476562 0.218056
0 0.669531 0.445139 0.201562 0.6125
