56 0.75 0.191667 0.0265625 0.0472222
56 0.6125 0.194444 0.028125 0.0416667
56 0.5875 0.194444 0.03125 0.0444444
56 0.450781 0.197222 0.0265625 0.0388889
56 0.478906 0.580556 0.0296875 0.0333333
56 0.667969 0.193056 0.0296875 0.0444444
56 0.532422 0.195139 0.0289063 0.0430556
56 0.503906 0.195139 0.0296875 0.0430556
56 0.640625 0.192361 0.028125 0.0430556
37 0.644922 0.570139 0.0664062 0.334722
0 0.689062 0.556944 0.046875 0.330556
0 0.644922 0.569444 0.0648438 0.336111
0 0.723437 0.555556 0.046875 0.330556
0 0.170312 0.588889 0.040625 0.216667
0 0.202734 0.586806 0.0382813 0.2125
0 0.567187 0.561806 0.115625 0.5375
