56 0.552344 0.104861 0.0296875 0.0791667
56 0.607813 0.0854167 0.028125 0.0402778
56 0.633594 0.0840278 0.0265625 0.0402778
56 0.527344 0.105556 0.028125 0.0805556
36 0.886719 0.609028 0.170312 0.0458333
36 0.835938 0.608333 0.06875 0.0416667
0 0.384375 0.473611 0.0359375 0.205556
0 0.832812 0.454167 0.06875 0.336111
0 0.750781 0.486111 0.05625 0.2
0 0.877344 0.436111 0.046875 0.322222
0 0.352734 0.473611 0.0492188 0.219444
0 0.914062 0.442361 0.046875 0.334722
32 0.719531 0.210417 0.0421875 0.0763889
0 0.671484 0.448611 0.197656 0.583333
