56 0.549219 0.150694 0.0296875 0.0458333
56 0.44375 0.152778 0.028125 0.0388889
56 0.630469 0.147917 0.0328125 0.0430556
56 0.496875 0.150694 0.03125 0.0430556
56 0.522656 0.151389 0.0296875 0.0472222
56 0.46875 0.152083 0.025 0.0375
56 0.659375 0.146528 0.03125 0.0458333
0 0.228516 0.547917 0.0367187 0.204167
32 0.6625 0.616667 0.0375 0.0555556
0 0.707812 0.509028 0.05 0.331944
0 0.660156 0.511806 0.06875 0.315278
0 0.205469 0.545139 0.05 0.215278
0 0.742969 0.509028 0.0484375 0.331944
0 0.591797 0.520833 0.210156 0.552778
