56 0.730078 0.188889 0.0273438 0.0388889
56 0.675391 0.191667 0.0289063 0.0444444
56 0.982031 0.520139 0.0328125 0.0541667
56 0.511719 0.192361 0.0296875 0.0430556
56 0.539062 0.192361 0.0296875 0.0430556
56 0.648438 0.190972 0.028125 0.0430556
37 0.653906 0.570833 0.0640625 0.341667
0 0.534375 0.598611 0.03125 0.186111
0 0.652344 0.567361 0.0671875 0.345833
0 0.695312 0.551389 0.046875 0.330556
0 0.730859 0.554861 0.0460938 0.329167
0 0.215234 0.586111 0.0398437 0.202778
0 0.177344 0.583333 0.046875 0.225
0 0.582812 0.561806 0.134375 0.548611
