56 0.702344 0.0784722 0.0265625 0.0347222
32 0.383984 0.602778 0.0148437 0.0222222
56 0.663281 0.125694 0.0296875 0.0430556
32 0.708984 0.390278 0.0351562 0.0694444
36 0.835156 0.654167 0.171875 0.0472222
36 0.784375 0.652778 0.06875 0.0388889
0 0.707422 0.4375 0.0445312 0.169444
0 0.664062 0.525 0.046875 0.2
0 0.827344 0.481944 0.046875 0.322222
0 0.782031 0.502083 0.071875 0.343056
0 0.335547 0.518056 0.0382813 0.197222
0 0.8625 0.4875 0.0484375 0.330556
0 0.301953 0.513889 0.0445312 0.216667
0 0.585938 0.494444 0.132812 0.619444
