56 0.708594 0.111111 0.03125 0.0472222
56 0.696094 0.0631944 0.0265625 0.0375
56 0.844531 0.117361 0.0328125 0.0708333
56 0.588281 0.0659722 0.0265625 0.0375
56 0.561328 0.0666667 0.0273438 0.0361111
56 0.614062 0.0659722 0.028125 0.0375
56 0.630469 0.108333 0.03125 0.0444444
56 0.683984 0.108333 0.0289063 0.0444444
56 0.766406 0.105556 0.0296875 0.0416667
56 0.669141 0.0638889 0.0273438 0.0361111
56 0.65625 0.108333 0.03125 0.0444444
56 0.602344 0.111806 0.0265625 0.0402778
56 0.496484 0.132639 0.0273438 0.0763889
56 0.521875 0.130556 0.025 0.0777778
56 0.575391 0.1125 0.0273438 0.0416667
56 0.79375 0.104861 0.028125 0.0458333
56 0.819531 0.105556 0.03125 0.0472222
32 0.541016 0.590972 0.0195312 0.0291667
0 0.7 0.517361 0.0375 0.190278
32 0.725781 0.520139 0.0390625 0.0736111
0 0.842969 0.465278 0.0484375 0.327778
0 0.797266 0.484028 0.0695312 0.343056
0 0.878125 0.468056 0.046875 0.327778
0 0.358594 0.505556 0.0515625 0.213889
0 0.658594 0.477778 0.142188 0.561111
