56 0.482422 0.575 0.0273438 0.0361111
56 0.916406 0.525694 0.025 0.0263889
56 0.589453 0.189583 0.0289063 0.0430556
56 0.891406 0.579861 0.0296875 0.0375
0 0.530469 0.593056 0.0296875 0.191667
56 0.671484 0.188889 0.0289063 0.0444444
56 0.726562 0.186111 0.028125 0.0388889
56 0.645312 0.189583 0.028125 0.0458333
56 0.977344 0.515972 0.0328125 0.0541667
56 0.507031 0.190972 0.0296875 0.0430556
56 0.535156 0.190972 0.0296875 0.0430556
0 0.648828 0.56875 0.0695312 0.340278
0 0.692187 0.547222 0.046875 0.322222
0 0.727344 0.550694 0.0484375 0.329167
0 0.208984 0.583333 0.0429688 0.205556
0 0.174609 0.583333 0.0445312 0.222222
0 0.577344 0.559722 0.128125 0.544444
