56 0.860937 0.578472 0.03125 0.0375
56 0.892187 0.577778 0.03125 0.0388889
56 0.590625 0.1875 0.0296875 0.0416667
56 0.726562 0.185417 0.028125 0.0402778
56 0.561328 0.191667 0.0273438 0.0444444
56 0.671875 0.1875 0.028125 0.0416667
56 0.917188 0.527083 0.0265625 0.0291667
56 0.482422 0.572917 0.0273438 0.0375
56 0.978125 0.513889 0.0328125 0.0555556
0 0.530859 0.594444 0.0304688 0.188889
32 0.199609 0.66875 0.0164062 0.0291667
0 0.726562 0.549306 0.046875 0.329167
0 0.692187 0.545833 0.046875 0.325
0 0.214062 0.582639 0.040625 0.198611
0 0.173828 0.580556 0.0460938 0.222222
0 0.582812 0.556944 0.15 0.547222
