56 0.980469 0.500694 0.03125 0.0541667
56 0.674219 0.172917 0.0296875 0.0458333
56 0.921875 0.565278 0.03125 0.0361111
56 0.45625 0.177083 0.025 0.0402778
56 0.91875 0.511111 0.0265625 0.0277778
56 0.484375 0.558333 0.028125 0.0361111
56 0.647656 0.172222 0.0296875 0.0444444
56 0.982813 0.558333 0.0328125 0.0472222
56 0.510938 0.175 0.03125 0.0444444
56 0.864062 0.564583 0.028125 0.0347222
56 0.538281 0.174306 0.0296875 0.0430556
0 0.530469 0.580556 0.0328125 0.188889
0 0.728906 0.535417 0.0453125 0.329167
0 0.695312 0.534722 0.046875 0.333333
0 0.219922 0.573611 0.0476562 0.194444
0 0.177344 0.568056 0.0453125 0.219444
0 0.596875 0.541667 0.171875 0.55
