56 0.60625 0.0861111 0.028125 0.0388889
56 0.271484 0.465972 0.0210938 0.0319444
56 0.632031 0.0854167 0.0265625 0.0402778
56 0.211328 0.466667 0.0257812 0.0277778
36 0.885156 0.611111 0.173438 0.0444444
56 0.525781 0.10625 0.0296875 0.0791667
36 0.833984 0.610417 0.0679687 0.0375
0 0.382812 0.472222 0.0375 0.208333
0 0.750391 0.481944 0.0523437 0.213889
0 0.832031 0.459722 0.0703125 0.341667
0 0.355469 0.472917 0.0578125 0.220833
0 0.875781 0.439583 0.046875 0.323611
0 0.9125 0.444444 0.0484375 0.333333
32 0.714844 0.25625 0.0421875 0.0736111
0 0.672656 0.454167 0.182812 0.577778
