56 0.610547 0.172222 0.0335938 0.05
56 0.682031 0.213889 0.0296875 0.0444444
56 0.466016 0.215972 0.0320312 0.0402778
56 0.633984 0.177778 0.0382813 0.0611111
56 0.519531 0.214583 0.0296875 0.0430556
56 0.439063 0.216667 0.0296875 0.0388889
56 0.656641 0.213889 0.0273438 0.0444444
56 0.628906 0.214583 0.0328125 0.0430556
56 0.574219 0.214583 0.03125 0.0430556
56 0.585938 0.170139 0.028125 0.0430556
56 0.545313 0.214583 0.03125 0.0430556
0 0.702344 0.570833 0.0484375 0.325
0 0.637109 0.579861 0.116406 0.359722
0 0.208203 0.601389 0.0367187 0.208333
0 0.738281 0.578472 0.0515625 0.3375
0 0.185937 0.604861 0.046875 0.218056
0 0.576563 0.581944 0.14375 0.530556
