56 0.697656 0.148611 0.0296875 0.0472222
56 0.480859 0.153472 0.0257812 0.0375
56 0.642187 0.148611 0.03125 0.0416667
56 0.89375 0.165278 0.0359375 0.0777778
56 0.670313 0.147222 0.03125 0.0444444
56 0.533984 0.150694 0.0289063 0.0458333
56 0.561719 0.150694 0.0296875 0.0458333
0 0.238672 0.546528 0.0460938 0.209722
0 0.216797 0.545833 0.0445312 0.213889
0 0.717969 0.503472 0.0484375 0.318056
32 0.671875 0.557639 0.03125 0.0458333
0 0.753125 0.510417 0.046875 0.329167
0 0.673437 0.528472 0.071875 0.345833
0 0.593359 0.527778 0.167969 0.541667
