56 0.646875 0.0770833 0.028125 0.0347222
56 0.700781 0.0736111 0.0265625 0.0361111
56 0.539453 0.08125 0.0273438 0.0375
0 0.735937 0.479167 0.090625 0.347222
56 0.552344 0.127083 0.028125 0.0402778
56 0.672656 0.0763889 0.0265625 0.0361111
32 0.710938 0.341667 0.040625 0.0638889
56 0.526563 0.127083 0.028125 0.0402778
36 0.799609 0.648611 0.167969 0.0472222
32 0.569922 0.608333 0.0179687 0.0277778
36 0.749219 0.649306 0.0671875 0.0402778
0 0.791797 0.479861 0.0492188 0.329167
0 0.827344 0.482639 0.046875 0.326389
0 0.309375 0.517361 0.05 0.220833
0 0.636719 0.495139 0.185937 0.556944
