56 0.617969 0.153472 0.0328125 0.0430556
56 0.541797 0.150694 0.0304688 0.0430556
36 0.759375 0.677083 0.16875 0.0486111
56 0.701563 0.148611 0.0328125 0.0444444
56 0.513281 0.154167 0.028125 0.0388889
56 0.487109 0.154861 0.0289063 0.0402778
56 0.433594 0.155556 0.025 0.0416667
56 0.566406 0.15 0.03125 0.0472222
32 0.682813 0.395139 0.040625 0.0736111
36 0.709766 0.676389 0.0679687 0.0361111
0 0.703125 0.522222 0.08125 0.338889
0 0.749219 0.509028 0.0515625 0.326389
0 0.784375 0.511111 0.0515625 0.333333
0 0.265625 0.54375 0.059375 0.215278
0 0.600391 0.51875 0.200781 0.5625
