56 0.590234 0.0694444 0.0273438 0.0361111
56 0.741797 0.109722 0.0320312 0.0472222
56 0.633594 0.111111 0.0296875 0.0416667
56 0.617188 0.0680556 0.028125 0.0361111
56 0.577734 0.116667 0.0273438 0.0388889
56 0.768359 0.109028 0.0304688 0.0430556
56 0.711719 0.113194 0.0296875 0.0458333
56 0.64375 0.0680556 0.0265625 0.0361111
56 0.905469 0.102778 0.028125 0.0472222
56 0.796875 0.106944 0.028125 0.0472222
56 0.659375 0.111111 0.03125 0.0444444
56 0.724219 0.0652778 0.028125 0.0361111
56 0.686719 0.111111 0.0296875 0.0444444
0 0.708984 0.470833 0.0554687 0.283333
56 0.822656 0.109028 0.0328125 0.0486111
56 0.698047 0.0652778 0.0273438 0.0361111
56 0.670703 0.0659722 0.0273438 0.0375
56 0.603906 0.115278 0.028125 0.0388889
32 0.528906 0.594444 0.0203125 0.0333333
0 0.357812 0.507639 0.046875 0.204167
32 0.719531 0.620139 0.0390625 0.0597222
0 0.845312 0.471528 0.0484375 0.331944
0 0.879687 0.472222 0.046875 0.327778
0 0.798828 0.486111 0.0695312 0.341667
0 0.6625 0.484722 0.145313 0.558333
