56 0.428125 0.158333 0.028125 0.0416667
56 0.983594 0.525694 0.0328125 0.0569444
56 0.561719 0.155556 0.028125 0.0444444
56 0.507812 0.152778 0.03125 0.0444444
56 0.978906 0.473611 0.03125 0.0527778
0 0.671094 0.515972 0.0484375 0.334722
56 0.616406 0.150694 0.0296875 0.0430556
36 0.700781 0.68125 0.165625 0.0458333
56 0.454297 0.156944 0.0273438 0.0416667
56 0.723828 0.149306 0.0320312 0.0458333
56 0.535156 0.152083 0.0296875 0.0458333
56 0.644531 0.15 0.0296875 0.0444444
56 0.671094 0.150694 0.0296875 0.0458333
32 0.625781 0.515278 0.0390625 0.0694444
0 0.692187 0.508333 0.046875 0.322222
0 0.512891 0.554167 0.0554687 0.202778
0 0.214062 0.550694 0.0421875 0.209722
0 0.646094 0.529167 0.0703125 0.338889
0 0.727344 0.511806 0.046875 0.326389
0 0.183594 0.552083 0.0453125 0.218056
0 0.582812 0.522917 0.140625 0.554167
