56 0.410156 0.154861 0.0265625 0.0402778
56 0.490625 0.151389 0.0265625 0.0388889
56 0.464063 0.152083 0.028125 0.0402778
56 0.652734 0.145833 0.0304688 0.0444444
56 0.597656 0.147917 0.028125 0.0402778
56 0.570312 0.147917 0.0296875 0.0430556
56 0.679688 0.145139 0.0328125 0.0458333
56 0.544531 0.148611 0.0296875 0.0444444
36 0.688672 0.673611 0.0710938 0.0416667
0 0.728906 0.504861 0.0484375 0.326389
0 0.764844 0.506944 0.0484375 0.330556
0 0.685938 0.522222 0.0734375 0.333333
0 0.245312 0.543056 0.0625 0.213889
0 0.578906 0.522222 0.15 0.544444
