56 0.674219 0.199306 0.0296875 0.0458333
56 0.575781 0.155556 0.0265625 0.0388889
56 0.483984 0.584028 0.0289063 0.0347222
56 0.468359 0.543056 0.0257812 0.0416667
56 0.925781 0.218056 0.03125 0.0833333
56 0.549609 0.154861 0.0273438 0.0375
56 0.523047 0.15625 0.0273438 0.0402778
56 0.61875 0.198611 0.028125 0.0416667
56 0.950781 0.593056 0.0296875 0.0361111
56 0.564062 0.202778 0.028125 0.0444444
56 0.982813 0.581944 0.0328125 0.0527778
56 0.892969 0.590972 0.03125 0.0402778
56 0.921094 0.590972 0.03125 0.0402778
56 0.538281 0.200694 0.0296875 0.0430556
56 0.510547 0.200694 0.0304688 0.0430556
56 0.647266 0.197917 0.0289063 0.0458333
56 0.900781 0.219444 0.0265625 0.0805556
0 0.69375 0.561111 0.046875 0.327778
0 0.728906 0.563194 0.046875 0.329167
0 0.649609 0.577778 0.0679687 0.338889
0 0.205469 0.593056 0.0390625 0.208333
0 0.174219 0.593056 0.0421875 0.219444
0 0.572656 0.570833 0.120312 0.536111
