56 0.751562 0.150694 0.028125 0.0513889
56 0.917188 0.542361 0.034375 0.0402778
56 0.885156 0.55625 0.0265625 0.0208333
56 0.975781 0.479861 0.0328125 0.0569444
56 0.425391 0.161111 0.0273438 0.0388889
56 0.598437 0.109722 0.028125 0.0388889
56 0.50625 0.15625 0.03125 0.0430556
56 0.626562 0.109722 0.028125 0.0416667
56 0.533203 0.15625 0.0289063 0.0430556
56 0.669531 0.154167 0.0296875 0.0472222
56 0.921094 0.172222 0.03125 0.0833333
56 0.451562 0.160417 0.0265625 0.0402778
56 0.721875 0.154167 0.034375 0.0472222
56 0.896875 0.172917 0.025 0.0791667
56 0.588281 0.155556 0.0328125 0.0444444
56 0.558984 0.159028 0.0273438 0.0430556
56 0.643359 0.152778 0.0304688 0.0472222
56 0.614453 0.154861 0.0289063 0.0430556
56 0.865625 0.172917 0.0359375 0.0791667
32 0.61875 0.501389 0.028125 0.0583333
0 0.64375 0.534722 0.071875 0.338889
0 0.689844 0.515278 0.046875 0.330556
0 0.724219 0.516667 0.046875 0.327778
0 0.595312 0.527083 0.1625 0.551389
0 0.517187 0.558333 0.046875 0.202778
0 0.212109 0.555556 0.0414063 0.2
0 0.177344 0.55625 0.0421875 0.218056
