56 0.667188 0.127083 0.03125 0.0430556
56 0.707031 0.0791667 0.0265625 0.0361111
56 0.599219 0.0833333 0.0265625 0.0361111
56 0.572656 0.0847222 0.0265625 0.0361111
56 0.614453 0.128472 0.0289063 0.0430556
36 0.785547 0.653472 0.0679687 0.0375
56 0.640625 0.127778 0.03125 0.0444444
36 0.8375 0.654861 0.16875 0.0430556
56 0.559375 0.131944 0.028125 0.0416667
56 0.586719 0.13125 0.0265625 0.0402778
32 0.460156 0.614583 0.0171875 0.0291667
0 0.695703 0.521528 0.0367187 0.218056
0 0.828125 0.484028 0.0484375 0.329167
0 0.863281 0.486806 0.0484375 0.331944
0 0.782422 0.499306 0.0695312 0.3375
0 0.35 0.522917 0.08125 0.218056
0 0.634375 0.493056 0.159375 0.569444
