56 0.488281 0.107639 0.0296875 0.0402778
56 0.700781 0.10625 0.0296875 0.0458333
56 0.567969 0.10625 0.0296875 0.0375
56 0.59375 0.105556 0.025 0.0388889
56 0.673828 0.104861 0.0304688 0.0430556
56 0.621094 0.104861 0.0296875 0.0402778
56 0.647266 0.104167 0.0320312 0.0416667
36 0.841406 0.634028 0.171875 0.0458333
36 0.791016 0.633333 0.0679687 0.0388889
32 0.397656 0.589583 0.0171875 0.0319444
0 0.713281 0.505556 0.0515625 0.197222
0 0.834375 0.465278 0.053125 0.330556
0 0.339844 0.498611 0.0640625 0.208333
0 0.86875 0.465972 0.046875 0.331944
0 0.787109 0.474306 0.0710938 0.331944
32 0.689844 0.260417 0.0421875 0.0847222
0 0.650391 0.474306 0.178906 0.573611
