36 0.880469 0.618056 0.170312 0.0472222
36 0.829687 0.616667 0.06875 0.0416667
56 0.602734 0.0909722 0.0273438 0.0402778
56 0.630469 0.0902778 0.0265625 0.0388889
0 0.71875 0.459028 0.08125 0.295833
56 0.523438 0.111806 0.028125 0.0763889
32 0.710938 0.354167 0.034375 0.0694444
0 0.745313 0.500694 0.059375 0.179167
0 0.873438 0.447222 0.046875 0.330556
0 0.827344 0.465278 0.06875 0.341667
0 0.909375 0.450694 0.046875 0.329167
0 0.361328 0.477778 0.0726563 0.216667
0 0.680469 0.459722 0.15625 0.580556
