56 0.899219 0.148611 0.025 0.0388889
56 0.872656 0.145833 0.0265625 0.0416667
56 0.333203 0.139583 0.0320312 0.0458333
56 0.208984 0.124306 0.0335938 0.0513889
56 0.176172 0.120833 0.0335938 0.0527778
56 0.483594 0.157639 0.0296875 0.0402778
56 0.239063 0.128472 0.0296875 0.0513889
56 0.302344 0.135417 0.0296875 0.0458333
56 0.763281 0.182639 0.0234375 0.0402778
56 0.949219 0.2 0.0265625 0.0388889
56 0.924219 0.198611 0.0234375 0.0388889
56 0.791797 0.184722 0.0273438 0.0416667
56 0.820312 0.186111 0.028125 0.0416667
56 0.144141 0.122222 0.0335938 0.05
56 0.451562 0.152778 0.028125 0.0444444
56 0.900781 0.196528 0.028125 0.0375
56 0.846875 0.189583 0.028125 0.0402778
56 0.513672 0.159028 0.0289063 0.0430556
56 0.871875 0.19375 0.0265625 0.0402778
56 0.54375 0.161806 0.03125 0.0430556
