36 0.698828 0.681944 0.164844 0.0472222
56 0.426172 0.158333 0.0273438 0.0388889
56 0.917188 0.540972 0.0328125 0.0375
56 0.977344 0.477778 0.0328125 0.0555556
56 0.50625 0.153472 0.03125 0.0430556
56 0.589063 0.153472 0.03125 0.0458333
56 0.866406 0.170139 0.034375 0.0763889
56 0.452344 0.157639 0.0265625 0.0402778
56 0.559375 0.156944 0.028125 0.0444444
56 0.533203 0.153472 0.0289063 0.0430556
56 0.722656 0.152778 0.0328125 0.0472222
56 0.615234 0.152778 0.0304688 0.0444444
56 0.669922 0.152778 0.0289063 0.0472222
56 0.64375 0.150694 0.0296875 0.0458333
32 0.619531 0.502083 0.0359375 0.0625
0 0.690234 0.508333 0.0460938 0.319444
0 0.725 0.513889 0.046875 0.327778
0 0.644141 0.533333 0.0726563 0.338889
0 0.514063 0.556944 0.05625 0.202778
0 0.212109 0.553472 0.0414063 0.201389
0 0.179297 0.550694 0.0429688 0.218056
0 0.569531 0.524306 0.107813 0.551389
