56 0.6625 0.124306 0.03125 0.0458333
56 0.800391 0.136111 0.0320312 0.0777778
56 0.635547 0.125694 0.0320312 0.0458333
56 0.610547 0.124306 0.0320312 0.0402778
32 0.446094 0.604861 0.015625 0.0180556
56 0.555078 0.127778 0.0289063 0.0388889
56 0.499219 0.149306 0.0328125 0.0763889
56 0.581641 0.125694 0.0273438 0.0402778
36 0.783203 0.65 0.0726563 0.0416667
0 0.69375 0.524306 0.0375 0.201389
0 0.824219 0.475694 0.0484375 0.320833
0 0.779297 0.494444 0.0710938 0.333333
0 0.860156 0.483333 0.05 0.333333
0 0.346094 0.519444 0.0828125 0.211111
0 0.622656 0.488194 0.140625 0.579167
