56 0.480859 0.580556 0.0273438 0.0333333
56 0.751562 0.193056 0.028125 0.0472222
56 0.452344 0.197917 0.0265625 0.0402778
56 0.411719 0.153472 0.0265625 0.0375
56 0.532812 0.195833 0.0296875 0.0416667
36 0.648047 0.723611 0.0664062 0.0361111
56 0.723047 0.194444 0.0304688 0.0444444
56 0.669922 0.194444 0.0289063 0.0444444
56 0.64375 0.19375 0.028125 0.0430556
32 0.197266 0.680556 0.0164062 0.025
0 0.690625 0.555556 0.046875 0.327778
0 0.646094 0.571528 0.065625 0.3375
0 0.725781 0.556944 0.0484375 0.330556
0 0.171094 0.588889 0.040625 0.216667
0 0.202734 0.5875 0.0382813 0.213889
0 0.56875 0.563194 0.114063 0.5375
