56 0.642969 0.111806 0.0296875 0.0458333
56 0.778516 0.123611 0.0257812 0.0416667
56 0.46875 0.09375 0.028125 0.0458333
0 0.09375 0.598611 0.0375 0.0805556
56 0.860156 0.13125 0.0265625 0.0402778
56 0.409375 0.0875 0.03125 0.0472222
56 0.833594 0.127083 0.0265625 0.0458333
56 0.348828 0.08125 0.0320312 0.0486111
0 0.419531 0.613194 0.0296875 0.0486111
56 0.80625 0.125694 0.028125 0.0430556
56 0.558594 0.102083 0.03125 0.0458333
56 0.163281 0.618056 0.0296875 0.0472222
56 0.195703 0.617361 0.0320312 0.0402778
56 0.229297 0.617361 0.0351562 0.0402778
56 0.254687 0.0701389 0.028125 0.0458333
56 0.670313 0.1125 0.028125 0.0444444
56 0.438281 0.0909722 0.0296875 0.0458333
56 0.528125 0.100694 0.028125 0.0402778
56 0.296875 0.616667 0.0359375 0.0444444
56 0.319141 0.0784722 0.0304688 0.0486111
56 0.499219 0.0972222 0.0296875 0.0416667
