56 0.61875 0.154861 0.03125 0.0430556
56 0.540234 0.159028 0.0273438 0.0375
56 0.514844 0.159722 0.0265625 0.0388889
36 0.739062 0.667361 0.06875 0.0402778
56 0.751562 0.155556 0.0296875 0.0444444
56 0.674219 0.154861 0.0328125 0.0458333
56 0.699609 0.15625 0.0289063 0.0430556
56 0.727344 0.152778 0.0296875 0.0472222
0 0.601172 0.538194 0.0507812 0.206944
0 0.777344 0.500694 0.0453125 0.309722
0 0.8125 0.506944 0.0453125 0.319444
0 0.735547 0.519444 0.0710938 0.330556
0 0.283594 0.5375 0.0421875 0.202778
0 0.317578 0.540972 0.0398437 0.190278
32 0.621875 0.425694 0.04375 0.0791667
0 0.505469 0.525 0.176563 0.611111
