56 0.673047 0.198611 0.0304688 0.0472222
56 0.925 0.216667 0.03125 0.0833333
56 0.575 0.153472 0.0265625 0.0375
56 0.95 0.591667 0.0296875 0.0361111
56 0.892969 0.5875 0.0296875 0.0361111
56 0.563281 0.201389 0.0265625 0.0444444
56 0.467969 0.54375 0.0265625 0.0430556
56 0.483594 0.583333 0.028125 0.0333333
56 0.646875 0.196528 0.028125 0.0458333
56 0.548437 0.153472 0.028125 0.0375
56 0.921094 0.588194 0.0328125 0.0402778
56 0.510156 0.199306 0.0296875 0.0430556
56 0.9 0.218056 0.0265625 0.0805556
56 0.537109 0.199306 0.0289063 0.0430556
0 0.69375 0.558333 0.046875 0.327778
0 0.648828 0.576389 0.0679687 0.341667
0 0.728125 0.559722 0.046875 0.325
0 0.205859 0.590278 0.0398437 0.213889
0 0.173047 0.590972 0.0414063 0.220833
0 0.571875 0.568056 0.11875 0.536111
