56 0.642187 0.125694 0.03125 0.0430556
56 0.669141 0.125 0.0304688 0.0416667
56 0.709375 0.0763889 0.0265625 0.0361111
56 0.588281 0.129861 0.0265625 0.0402778
56 0.5625 0.129861 0.028125 0.0402778
56 0.735937 0.0756944 0.028125 0.0375
36 0.787109 0.652083 0.0679687 0.0375
36 0.838281 0.653472 0.170312 0.0430556
32 0.700781 0.547222 0.0421875 0.0611111
0 0.699219 0.528472 0.0453125 0.201389
0 0.828906 0.479167 0.0484375 0.325
0 0.865625 0.486111 0.0484375 0.333333
0 0.784375 0.495833 0.0703125 0.333333
0 0.34375 0.522222 0.059375 0.211111
0 0.634766 0.5 0.152344 0.552778
