56 0.426562 0.157639 0.028125 0.0402778
36 0.649219 0.679861 0.0640625 0.0402778
36 0.7 0.681944 0.165625 0.0472222
56 0.589063 0.152778 0.03125 0.0444444
56 0.978125 0.475 0.0328125 0.0527778
56 0.752344 0.146528 0.0296875 0.0458333
56 0.616406 0.151389 0.0296875 0.0416667
56 0.507031 0.152778 0.0296875 0.0444444
56 0.560156 0.15625 0.028125 0.0458333
56 0.453906 0.157639 0.0265625 0.0402778
56 0.722656 0.151389 0.0328125 0.0472222
56 0.533594 0.152778 0.0296875 0.0444444
56 0.644531 0.15 0.0296875 0.0444444
56 0.669531 0.151389 0.0296875 0.0472222
32 0.622656 0.509028 0.0390625 0.0708333
0 0.691406 0.508333 0.046875 0.322222
0 0.644141 0.530556 0.0742188 0.338889
0 0.726562 0.5125 0.046875 0.325
0 0.212891 0.552083 0.0429688 0.206944
0 0.513281 0.55625 0.053125 0.204167
0 0.579687 0.524306 0.13125 0.554167
0 0.18125 0.551389 0.04375 0.216667
